ANP: 50 context out of 1000, 20 candidates sampled
lr=0.01
100%|███████████████████████████████████████████████████████████████████| 100/100 [00:52<00:00,  1.92it/s]
|  1001     | -3.471    | -0.969    | -4.199    |
|  1002     | -4.184    | -0.01527  | -4.891    |
|  1003     | -8.965    | -8.37     |  4.845    |
|  1004     | -14.26    |  9.037    |  8.363    |
|  1005     | -9.575    |  6.536    | -4.772    |
|  1006     | -8.397    | -9.99     |  2.646    |
|  1007     | -8.543    | -9.079    |  2.268    |
|  1008     | -12.13    | -3.9      |  7.048    |
|  1009     | -11.76    |  3.191    |  8.673    |
|  1010     | -5.491    | -5.13     |  1.027    |
|  1011     | -12.68    |  9.083    | -8.458    |
|  1012     | -13.74    | -4.319    |  9.746    |
|  1013     | -4.455    | -4.491    |  4.014    |
|  1014     | -7.737    |  6.625    | -0.01171  |
|  1015     | -6.103    | -4.656    |  2.085    |
|  1016     | -15.11    |  4.358    |  8.856    |
|  1017     | -12.67    |  7.153    | -7.387    |
|  1018     | -4.916    | -0.1322   |  3.226    |
|  1019     | -9.584    | -7.384    | -8.635    |
|  1020     | -4.178    |  0.8269   | -0.7733   |
RESULT: (-0.6144360899925232, -1.7614001035690308) -0.262563556432724

lr 0.001
100%|█████████████████████████████████████████████████████████████████| 1000/1000 [08:38<00:00,  1.93it/s]
|  1001     | -3.29     | -3.263    | -1.527    |
|  1002     | -1.693    | -2.514    | -1.845    |
|  1003     | -2.017    | -2.691    | -1.148    |
|  1004     | -3.116    | -2.743    | -0.2009   |
|  1005     | -2.69     | -3.126    | -2.068    |
|  1006     | -4.254    | -0.7654   | -2.137    |
|  1007     | -2.866    | -2.035    | -1.479    |
|  1008     | -4.392    | -2.932    | -0.8194   |
|  1009     | -1.727    | -0.9092   | -2.214    |
|  1010     | -4.652    | -2.579    |  0.02858  |
|  1011     | -1.266    | -1.852    | -1.74     |
|  1012     | -2.059    | -0.9756   | -2.276    |
|  1013     | -1.799    | -2.896    | -1.854    |
|  1014     | -2.823    | -2.733    | -0.7934   |
|  1015     | -2.361    | -1.762    | -1.603    |
|  1016     | -2.879    | -2.934    | -1.983    |
|  1017     | -3.581    | -0.67     | -1.846    |
|  1018     | -0.474    | -2.481    | -0.6522   |
|  1019     | -2.136    | -2.522    | -0.5739   |
|  1020     | -2.29     | -2.476    | -0.7493   |
RESULT: (-0.6144360899925232, -1.7614001035690308) -0.262563556432724 (at iteration 147)


lr=0.0001
100%|███████████████████████████████████████████████████████████████████| 100/100 [00:51<00:00,  1.94it/s]
|  1001     | -7.431    | -9.698    | -9.835    |
|  1002     | -12.56    | -9.763    | -9.996    |
|  1003     | -9.402    | -9.92     | -9.963    |
|  1004     | -9.732    | -6.4      | -9.99     |
|  1005     | -7.653    |  3.181    | -9.215    |
|  1006     | -9.438    | -9.844    |  4.044    |
|  1007     | -10.4     | -9.888    |  4.023    |
|  1008     | -8.815    | -7.046    |  1.593    |
|  1009     | -0.8909   | -3.336    | -1.973    |
|  1010     | -5.053    |  0.72     | -2.862    |
|  1011     | -2.746    | -3.712    | -0.5456   |
|  1012     | -2.696    |  0.3051   | -3.191    |
|  1013     | -3.817    | -5.796    |  2.168    |
|  1014     | -5.429    | -4.811    |  0.7871   |
|  1015     | -2.865    | -1.634    | -1.108    |
|  1016     | -6.11     | -4.35     |  0.9507   |
|  1017     | -2.686    | -4.121    |  0.8146   |
|  1018     | -0.5965   | -1.829    | -1.165    |
|  1019     | -0.8217   | -1.276    | -1.123    |
|  1020     | -1.874    | -1.409    | -1.662    |
RESULT: (-0.6144360899925232, -1.7614001035690308) -0.262563556432724 (at iteration 147)
